000.000000 0.336000 -0.700000
300.622000 0.336000 -0.700000
312.476000 0.321000 -0.500000
324.797000 0.304000 -1.000000
337.605000 0.286000 -0.600000
350.917000 0.268000 -1.400000
364.754000 0.248000 -0.800000
379.136000 0.229000 -1.400000
394.086000 0.204000 -1.400000
409.625000 0.183000 -0.900000
425.777000 0.172000 -1.500000
442.566000 0.153000 -1.600000
460.017000 0.138000 -1.200000
478.156000 0.123000 -1.100000
497.010000 0.111000 -1.400000
516.608000 0.099000 -1.600000
536.978000 0.090000 -1.600000
558.152000 0.080000 -1.400000
580.160000 0.072000 -1.400000
603.037000 0.060000 -1.400000
626.815000 0.052000 -1.400000
651.531000 0.044000 -1.400000
677.222000 0.035000 -1.500000
703.925000 0.027000 -1.600000
731.682000 0.021000 -1.400000
760.533000 0.018000 -1.100000
790.521000 0.020000 -1.300000
821.693000 0.024000 -1.500000
854.093000 0.028000 -1.200000
887.771000 0.030000 -1.500000
922.776000 0.027000 -1.400000
959.162000 0.019000 -1.800000
996.983000 -0.000000 -1.600000
1036.30000 -0.020000 -1.800000
1077.16000 -0.040000 -1.900000
1119.630000 -0.070000 -1.700000
1163.780000 -0.080000 -1.500000
1209.670000 -0.080000 -1.300000
1257.370000 -0.070000 -1.200000
1306.950000 -0.050000 -1.300000
1358.480000 -0.030000 -1.400000
1412.050000 -0.010000 -1.500000
1467.730000 -0.010000 -1.600000
1525.600000 -0.030000 -1.900000
1585.760000 -0.050000 -1.800000
1648.280000 -0.080000 -1.800000
1713.280000 -0.080000 -1.700000
1780.830000 -0.070000 -1.700000
1851.050000 -0.060000 -1.700000
1924.040000 -0.060000 -1.700000
1999.910000 -0.060000 -1.500000
2078.770000 -0.040000 -1.400000
2160.740000 0.006000 -1.400000
2245.940000 0.063000 -1.700000
2334.500000 0.090000 -2.100000
2426.550000 0.074000 -2.600000
2522.230000 0.028000 -2.900000
2621.680000 -0.030000 -3.100000
2725.060000 -0.050000 -3.000000
2832.510000 -0.050000 -3.000000
2944.200000 -0.050000 -3.100000
3060.290000 -0.090000 -3.300000
3180.960000 -0.140000 -3.200000
3306.390000 -0.140000 -3.000000
3436.770000 -0.080000 -2.900000
3572.280000 -0.040000 -3.300000
3713.140000 -0.080000 -3.800000
3859.560000 -0.150000 -3.800000
4011.740000 -0.160000 -3.500000
4169.930000 -0.120000 -3.400000
4334.350000 -0.080000 -3.600000
4505.260000 -0.060000 -3.900000
4682.910000 -0.080000 -4.200000
4867.560000 -0.070000 -4.100000
5059.490000 -0.000000 -4.600000
5259.000000 -0.020000 -5.500000
5466.360000 -0.140000 -6.100000
5681.910000 -0.250000 -5.700000
5905.950000 -0.220000 -5.500000
6138.830000 -0.200000 -5.500000
6380.890000 -0.170000 -5.900000
6632.500000 -0.190000 -6.400000
6894.020000 -0.230000 -6.700000
7165.860000 -0.230000 -6.800000
7448.420000 -0.280000 -7.200000
7742.120000 -0.210000 -7.000000
8047.400000 -0.220000 -8.600000
8364.720000 -0.320000 -8.600000
8694.540000 -0.330000 -9.600000
9037.380000 -0.460000 -9.700000
9393.730000 -0.460000 -10.000000
9764.140000 -0.640000 -11.000000
10149.100000 -0.710000 -11.000000
10549.300000 -0.890000 -12.000000
10965.300000 -0.960000 -12.000000
11397.700000 -1.110000 -12.000000
11847.100000 -1.230000 -12.000000
12314.300000 -1.350000 -12.000000
12799.800000 -1.520000 -12.000000
13304.500000 -1.630000 -12.000000
13829.100000 -1.810000 -11.000000
14374.400000 -1.860000 -11.000000
14941.200000 -2.020000 -11.000000
15530.400000 -2.200000 -11.000000
16142.800000 -2.410000 -11.000000
16779.300000 -2.560000 -9.800000
17440.900000 -2.670000 -8.600000
18128.600000 -2.790000 -7.600000
18843.500000 -2.920000 -6.300000
19586.500000 -3.050000 -4.800000
20358.800000 -3.120000 -3.000000
21161.600000 -3.150000 -1.100000
21996.000000 -3.130000 2.030000
22050.000000 -3.130000 2.030000
