0.000000000 0.000000000
20.00000000 0.000000000
1000.000000 0.000000000
2517.141803 0.017492711
3113.314539 0.052478134
4612.629425 0.332361516
5523.016651 0.402332362
6336.855612 0.717201166
7086.481211 1.032069971
7994.095078 1.311953353
9416.041127 1.521865889
10809.21183 1.696793003
11885.50042 1.871720117
13297.16535 1.906705539
14622.43000 1.836734694
15534.02143 1.591836735
16219.87756 1.416909621
17083.13416 1.241982507
18148.70088 0.997084548
19114.95738 0.612244898
19959.47147 0.367346939
20661.94465 0.192419825
21762.40932 0.157434402
22050.00000 0.157434402